containersCount | Time | errorCount
cirros
1 | 26.0009272099
2 | 29.7734220028 | 0
3 | 38.8744459152
4 | 49.9492018223
5 | 53.3119249344
6 | 56.348752737 | 0
7 | 74.7927992344
8 | 77.5832920074
9 | 82.2261209488
10 | 85.8938801289
10 | 96.2320468426 | 0
15 | 136.005495071 | 0
20 | 181.468469858 | 0
25 | 228.073390961 | 0
30 | 309.941229105 | 0
35 | 403.492155075 | 0
40 | 532.378638983 | 0
45 | 480.816216946 | 0
50 | 545.219554186 | 0
trusty
1 | 23.2184967995 | 0
1 | 52.678912878 | 1
1 | 43.7538981438 | 1
1 | 35.1580789089 | 1
 